 10
 35
 -19
 -46
 -2
 -50
 8
 42
 -47
 23
 11
 40
 45
 50
 8
 -49
 -6
 0
 -32
 48
 39
 26
 14
 -25
 -47
 -22
 48
 -19
 5
 -40
 22
 -38
 -9
 -11
 7
 16
 -10
 -26
 -29
 -17
 -23
 15
 25
 -42
 -23
 -30
 44
 -28
 -46
 19
 -29
 -45
 -24
 29
 36
 -18
 -25
 26
 -12
 42
 -35
 -11
 10
 -40
 -43
 5
 19
 -35
 6
 -31
 -3
 2
 -15
 -9
 -17
 13
 0
 45
 35
 35
 29
 28
 -15
 -27
 24
 -39
 -27
 -37
 -26
 -23
 19
 -32
 27
 -27
 49
 2
 20
 -15
 -9
 -35
 -34
 23
 -20
 26
 -10
 26
 -6
 31
 -32
 33
 -34
 11
 7
 -29
 -20
 -43
 -15
 44
 2
 -19
 28
 -17
 0
 13
 -14
 9
 -28
 43
 26
 -10
 4
 41
 -21
 -44
 -11
 29
 -33
 2
 -3
 0
 -1
 -14
 -31
 38
 -14
 -6
 43
 -3
 -33
 46
 9
 14
 26
 35
 41
 13
 8
 -7
 -46
 -44
 40
 17
 26
 19
 48
 -24
 12
 -36
 -25
 -46
 -2
 -15
 -18
 -17
 -2
 -46
 31
 -39
 -39
 5
 -40
 27
 -25
 10
 17
 -6
 -44
 -47
 26
 -40
 -19
 41
 -15
 22
 14
 15
 -19
 24
 -14
 2
 45
 -34
 37
 -26
 49
 -41
 -31
 1
 -28
 3
 14
 -44
 18
 -7
 -45
 -38
 28
 1
 49
 -40
 31
 -24
 -42
 15
 -6
 -43
 -33
 -38
 -49
 -2
 11
 7
 49
 28
 39
 -5
 25
 -3
 -1
 37
 -34
 -20
 -1
 27
 31
 -19
 -33
 41
 8
 39
 -42
 29
 -21
 16
 19
 -25
 16
 19
 -3
 -11
 15
 -1
 6
 36
 5
 11
 -12
 -41
 -41
 2
 12
 10
 0
 14
 21
 39
 19
 48
 20
 38
 -28
 -4
 30
 -12
 36
 33
 -2
 16
 9
 -4
 -48
 10
 -38
 -7
 28
 14
 10
 -24
 -39
 -42
 -19
